0000000000000001234567890ACME INC LTDA                      0001170831223344 3                                 55577777170831170901                                                                                                                 A00001
01123456789012310101111222233334444123456789666666123456780000000000079900000000000000000000000000079901708310100100001000000000000000000000000000000000000000000000000000000000000000000000         99                             1224S            00002
30999999999999910112345678     1234567891708310000000000079900000000000000000000000000000000000000000079900000100100001000000000007990000000000000000000000000000000000000000007990170901                                                            00003
409999999999999101              123456789      000000000007990000000000000000000000000000000000000000007990    00100001000000000007990000000000000000000000000000000000000000007990170901                                                            00004
999999999999999                                                                                                00099999                                                                              00                                              00005
0000000000000007777777777ACME INC LTDA                      0001170831223344 3                                 55577777170831170901                                                                                                                 A00001
01555555555555510101111222233334444123456789666666123456780000000000079900000000000000000000000000079901708310100100001000000000000000000000000000000000000000000000000000000000000000000000         99                             1224S            00002
30999999999999910112345678     1234567891708310000000000079900000000000000000000000000000000000000000079900000100100001000000000007990000000000000000000000000000000000000000007990170901                                                            00003
409999999999999101              123456789      000000000007990000000000000000000000000000000000000000007990    00100001000000000007990000000000000000000000000000000000000000007990170901                                                            00004
999999999999999                                                                                                00099999                                                                              00                                              55555
